Read 164 test samples from /home/hongjiw/research/data/RC/clips/test.h5
Forward #: 0
[[[[ 1.  1.  1. ...,  1.  1.  1.]
   [ 1.  1.  1. ...,  1.  1.  1.]]]


 [[[ 1.  1.  1. ...,  1.  1.  1.]
   [ 1.  1.  1. ...,  1.  1.  1.]]]


 [[[ 1.  1.  1. ...,  1.  1.  1.]
   [ 1.  1.  1. ...,  1.  1.  1.]]]


 ..., 
 [[[ 1.  1.  1. ...,  1.  1.  1.]
   [ 1.  1.  1. ...,  1.  1.  1.]]]


 [[[ 1.  1.  1. ...,  1.  1.  1.]
   [ 1.  1.  1. ...,  1.  1.  1.]]]


 [[[ 1.  1.  1. ...,  1.  1.  1.]
   [ 1.  1.  1. ...,  1.  1.  1.]]]]
[[  6.91724014e+01  -4.27082367e+01]
 [  7.18178024e+01  -4.36166267e+01]
 [  7.48061600e+01  -4.40101891e+01]
 [  7.60725021e+01  -4.30380936e+01]
 [  7.90976181e+01  -4.36720581e+01]
 [  8.21258316e+01  -4.35433540e+01]
 [  8.28504868e+01  -4.24008865e+01]
 [  8.54265366e+01  -4.30893135e+01]
 [  8.80329666e+01  -4.34256668e+01]
 [  8.81663742e+01  -4.19790039e+01]
 [  8.96250839e+01  -4.23911171e+01]
 [  9.11129150e+01  -4.26911125e+01]
 [  9.07189560e+01  -4.16719589e+01]
 [  9.05944977e+01  -4.22484055e+01]
 [  8.88585815e+01  -4.19487915e+01]
 [  8.64617004e+01  -4.14146576e+01]
 [  8.52471542e+01  -4.05098152e+01]
 [  8.58093109e+01  -4.04163628e+01]
 [  8.42610626e+01  -3.89777412e+01]
 [  8.27078705e+01  -3.78956566e+01]
 [  8.14307938e+01  -3.73023148e+01]
 [  8.01238327e+01  -3.48527603e+01]
 [  7.99493561e+01  -3.29797440e+01]
 [  7.97472916e+01  -3.17029915e+01]
 [  7.85032501e+01  -2.92229862e+01]
 [  7.81937256e+01  -2.73798027e+01]
 [  7.70476913e+01  -2.47237930e+01]
 [  7.59836273e+01  -2.22701855e+01]
 [  7.48992233e+01  -2.01789532e+01]
 [  7.40873566e+01  -1.84654312e+01]
 [  7.24135895e+01  -1.57712898e+01]
 [  7.11183624e+01  -1.37013130e+01]
 [  6.90967484e+01  -1.13807383e+01]
 [  6.75945969e+01  -8.49546146e+00]
 [  6.73722305e+01  -5.98301363e+00]
 [  6.61181107e+01  -2.29266405e+00]
 [  6.46174011e+01   1.13742054e+00]
 [  6.52293930e+01   2.86900997e+00]
 [  6.40338745e+01   4.95533228e+00]
 [  6.15589333e+01   6.78853989e+00]
 [  5.91963768e+01   9.17999077e+00]
 [  5.78189926e+01   1.11696606e+01]
 [  5.52162132e+01   1.45053072e+01]
 [  5.55394135e+01   1.56524715e+01]
 [  5.34573555e+01   1.77290497e+01]
 [  4.96922112e+01   1.99904366e+01]
 [  4.69893951e+01   2.17893372e+01]
 [  4.42716560e+01   2.28988285e+01]
 [  4.07909813e+01   2.40409775e+01]
 [  4.02523689e+01   2.29475918e+01]
 [  3.87092094e+01   2.23375530e+01]
 [  3.60523949e+01   2.17691841e+01]
 [  3.37861748e+01   2.11947460e+01]
 [  3.14642048e+01   2.06238422e+01]
 [  2.82506027e+01   1.96211872e+01]
 [  2.65336094e+01   1.78517818e+01]
 [  2.39806252e+01   1.63777466e+01]
 [  2.05219574e+01   1.54598637e+01]
 [  1.85626984e+01   1.44655600e+01]
 [  1.72325878e+01   1.33849525e+01]
 [  1.50223360e+01   1.24686356e+01]
 [  1.33567133e+01   1.14755049e+01]
 [  1.15995178e+01   1.09575081e+01]
 [  1.01018200e+01   1.01757898e+01]
 [  9.79570198e+00   8.95392895e+00]
 [  9.39396381e+00   7.77121878e+00]
 [  9.85546684e+00   5.52072239e+00]
 [  1.11660366e+01   3.99606943e+00]
 [  1.31064091e+01   1.95505154e+00]
 [  1.42808027e+01   2.70911396e-01]
 [  1.56475821e+01  -1.07328999e+00]
 [  1.69759216e+01  -2.33421874e+00]
 [  1.44312420e+01  -5.46488881e-01]
 [  1.50184975e+01  -4.07475859e-01]
 [  1.68054142e+01  -6.18256986e-01]
 [  1.88419209e+01  -1.58959985e+00]
 [  7.97948074e+01  -3.58312187e+01]
 [  8.16633987e+01  -3.62430878e+01]
 [  8.28723450e+01  -3.66598167e+01]
 [  8.54462662e+01  -3.77318726e+01]
 [  8.70264969e+01  -3.81985626e+01]
 [  8.74934464e+01  -3.79917526e+01]
 [  8.90097504e+01  -3.86599045e+01]
 [  9.06009140e+01  -3.92015266e+01]
 [  9.08438568e+01  -3.87575111e+01]
 [  9.19531174e+01  -3.94384232e+01]
 [  9.34811554e+01  -4.01265068e+01]
 [  9.28981400e+01  -3.92044296e+01]
 [  9.28260117e+01  -3.93569870e+01]
 [  9.38897858e+01  -3.97885628e+01]
 [  9.35638504e+01  -3.92177925e+01]
 [  9.36411667e+01  -3.92886124e+01]
 [  9.41119461e+01  -3.86679688e+01]
 [  9.36667023e+01  -3.78028908e+01]
 [  9.38270874e+01  -3.70599174e+01]
 [  9.38327866e+01  -3.56464653e+01]
 [  9.31485596e+01  -3.37274361e+01]
 [  9.25757751e+01  -3.20818291e+01]
 [  9.21488571e+01  -3.08770237e+01]
 [  9.15497055e+01  -2.88454971e+01]
 [  9.08932877e+01  -2.73128967e+01]
 [  8.98802795e+01  -2.50458603e+01]
 [  8.81813965e+01  -2.25758476e+01]
 [  8.61814423e+01  -2.02389488e+01]
 [  8.46540070e+01  -1.88502388e+01]
 [  8.21286163e+01  -1.68254681e+01]
 [  8.00799332e+01  -1.53251057e+01]
 [  7.74975128e+01  -1.30409870e+01]
 [  7.52388077e+01  -1.07753057e+01]
 [  7.28638458e+01  -8.34950542e+00]
 [  7.08622208e+01  -6.71737957e+00]
 [  6.85615158e+01  -4.16870594e+00]
 [  6.69494629e+01  -2.35554338e+00]
 [  6.43587646e+01  -3.03789288e-01]
 [  6.08024788e+01   2.71670055e+00]
 [  5.67168884e+01   5.39786720e+00]
 [  5.34380302e+01   7.59807682e+00]
 [  4.99377747e+01   9.52578545e+00]
 [  4.70694122e+01   1.08369951e+01]
 [  4.42905350e+01   1.12349749e+01]
 [  3.92305183e+01   1.27067575e+01]
 [  3.47145538e+01   1.44049225e+01]
 [  3.08809757e+01   1.50314865e+01]
 [  2.72022171e+01   1.56795902e+01]
 [  2.51184406e+01   1.55674877e+01]
 [  2.29340134e+01   1.45879211e+01]
 [  2.08053513e+01   1.48952370e+01]
 [  1.93899078e+01   1.45094843e+01]
 [  1.85532684e+01   1.40554276e+01]
 [  1.67349892e+01   1.40976429e+01]
 [  1.59182253e+01   1.35586433e+01]
 [  1.57103987e+01   1.27768698e+01]
 [  1.34187069e+01   1.21089268e+01]
 [  1.08341961e+01   1.16995468e+01]
 [  9.64510727e+00   1.05630198e+01]
 [  8.95802593e+00   1.03639879e+01]
 [  1.13962450e+01   9.33736610e+00]
 [  1.25797653e+01   8.45251656e+00]
 [  1.63609104e+01   4.73174763e+00]
 [  1.78569622e+01   3.89779496e+00]
 [  1.88113804e+01   2.76375318e+00]
 [  1.86204662e+01   2.75828147e+00]
 [  1.87154388e+01   2.35357738e+00]
 [  1.90075531e+01   1.51263273e+00]
 [  2.17594719e+01  -6.48103416e-01]
 [  2.15684547e+01  -5.95473468e-01]
 [  2.20469666e+01  -5.12109518e-01]
 [  2.23539791e+01  -2.44464368e-01]
 [  2.35095558e+01  -7.41820112e-02]
 [  2.40754566e+01   6.46383092e-02]
 [  2.39520245e+01   1.31795883e-01]
 [  2.38321285e+01   1.17546313e-01]
 [  2.29957581e+01   2.98725635e-01]
 [  2.24938259e+01   2.26898044e-01]
 [  2.19849930e+01   4.67432112e-01]
 [  2.13588238e+01   1.04651320e+00]
 [  2.35970402e+01  -1.13723946e+00]
 [  2.22876015e+01  -1.97228444e+00]
 [  2.04989796e+01  -2.37119412e+00]
 [  1.72721386e+01  -1.84519684e+00]
 [  1.54641571e+01  -1.14111173e+00]
 [  1.44513931e+01  -1.20643091e+00]
 [  1.19722328e+01  -1.07262246e-01]
 [  1.11740932e+01   6.38353154e-02]]
[[ 72. -44.]
 [ 75. -44.]
 [ 76. -43.]
 [ 79. -44.]
 [ 82. -44.]
 [ 83. -42.]
 [ 85. -43.]
 [ 88. -43.]
 [ 88. -42.]]
Forward #: 1
[[[[  2.   3.   6. ...,  62.  66.  69.]
   [  0.  -1.  -4. ..., -39. -42. -43.]]]


 [[[  2.   5.   6. ...,  65.  69.  72.]
   [  0.  -3.  -4. ..., -41. -42. -44.]]]


 [[[  4.   5.   6. ...,  68.  72.  75.]
   [ -2.  -3.  -4. ..., -41. -43. -44.]]]


 ..., 
 [[[  4.   5.   4. ...,  15.  15.  14.]
   [  0.   0.   1. ...,   0.   0.  -1.]]]


 [[[  2.   1.   2. ...,  12.  12.  12.]
   [  1.   2.   2. ...,   1.   1.  -0.]]]


 [[[  0.   1.   1. ...,  11.  11.  11.]
   [  2.   2.   2. ...,   1.   1.   0.]]]]
[[  6.91724014e+01  -4.27082367e+01]
 [  7.18178024e+01  -4.36166267e+01]
 [  7.48061600e+01  -4.40101891e+01]
 [  7.60725021e+01  -4.30380936e+01]
 [  7.90976181e+01  -4.36720581e+01]
 [  8.21258316e+01  -4.35433540e+01]
 [  8.28504868e+01  -4.24008865e+01]
 [  8.54265366e+01  -4.30893135e+01]
 [  8.80329666e+01  -4.34256668e+01]
 [  8.81663742e+01  -4.19790039e+01]
 [  8.96250839e+01  -4.23911171e+01]
 [  9.11129150e+01  -4.26911125e+01]
 [  9.07189560e+01  -4.16719589e+01]
 [  9.05944977e+01  -4.22484055e+01]
 [  8.88585815e+01  -4.19487915e+01]
 [  8.64617004e+01  -4.14146576e+01]
 [  8.52471542e+01  -4.05098152e+01]
 [  8.58093109e+01  -4.04163628e+01]
 [  8.42610626e+01  -3.89777412e+01]
 [  8.27078705e+01  -3.78956566e+01]
 [  8.14307938e+01  -3.73023148e+01]
 [  8.01238327e+01  -3.48527603e+01]
 [  7.99493561e+01  -3.29797440e+01]
 [  7.97472916e+01  -3.17029915e+01]
 [  7.85032501e+01  -2.92229862e+01]
 [  7.81937256e+01  -2.73798027e+01]
 [  7.70476913e+01  -2.47237930e+01]
 [  7.59836273e+01  -2.22701855e+01]
 [  7.48992233e+01  -2.01789532e+01]
 [  7.40873566e+01  -1.84654312e+01]
 [  7.24135895e+01  -1.57712898e+01]
 [  7.11183624e+01  -1.37013130e+01]
 [  6.90967484e+01  -1.13807383e+01]
 [  6.75945969e+01  -8.49546146e+00]
 [  6.73722305e+01  -5.98301363e+00]
 [  6.61181107e+01  -2.29266405e+00]
 [  6.46174011e+01   1.13742054e+00]
 [  6.52293930e+01   2.86900997e+00]
 [  6.40338745e+01   4.95533228e+00]
 [  6.15589333e+01   6.78853989e+00]
 [  5.91963768e+01   9.17999077e+00]
 [  5.78189926e+01   1.11696606e+01]
 [  5.52162132e+01   1.45053072e+01]
 [  5.55394135e+01   1.56524715e+01]
 [  5.34573555e+01   1.77290497e+01]
 [  4.96922112e+01   1.99904366e+01]
 [  4.69893951e+01   2.17893372e+01]
 [  4.42716560e+01   2.28988285e+01]
 [  4.07909813e+01   2.40409775e+01]
 [  4.02523689e+01   2.29475918e+01]
 [  3.87092094e+01   2.23375530e+01]
 [  3.60523949e+01   2.17691841e+01]
 [  3.37861748e+01   2.11947460e+01]
 [  3.14642048e+01   2.06238422e+01]
 [  2.82506027e+01   1.96211872e+01]
 [  2.65336094e+01   1.78517818e+01]
 [  2.39806252e+01   1.63777466e+01]
 [  2.05219574e+01   1.54598637e+01]
 [  1.85626984e+01   1.44655600e+01]
 [  1.72325878e+01   1.33849525e+01]
 [  1.50223360e+01   1.24686356e+01]
 [  1.33567133e+01   1.14755049e+01]
 [  1.15995178e+01   1.09575081e+01]
 [  1.01018200e+01   1.01757898e+01]
 [  9.79570198e+00   8.95392895e+00]
 [  9.39396381e+00   7.77121878e+00]
 [  9.85546684e+00   5.52072239e+00]
 [  1.11660366e+01   3.99606943e+00]
 [  1.31064091e+01   1.95505154e+00]
 [  1.42808027e+01   2.70911396e-01]
 [  1.56475821e+01  -1.07328999e+00]
 [  1.69759216e+01  -2.33421874e+00]
 [  1.44312420e+01  -5.46488881e-01]
 [  1.50184975e+01  -4.07475859e-01]
 [  1.68054142e+01  -6.18256986e-01]
 [  1.88419209e+01  -1.58959985e+00]
 [  7.97948074e+01  -3.58312187e+01]
 [  8.16633987e+01  -3.62430878e+01]
 [  8.28723450e+01  -3.66598167e+01]
 [  8.54462662e+01  -3.77318726e+01]
 [  8.70264969e+01  -3.81985626e+01]
 [  8.74934464e+01  -3.79917526e+01]
 [  8.90097504e+01  -3.86599045e+01]
 [  9.06009140e+01  -3.92015266e+01]
 [  9.08438568e+01  -3.87575111e+01]
 [  9.19531174e+01  -3.94384232e+01]
 [  9.34811554e+01  -4.01265068e+01]
 [  9.28981400e+01  -3.92044296e+01]
 [  9.28260117e+01  -3.93569870e+01]
 [  9.38897858e+01  -3.97885628e+01]
 [  9.35638504e+01  -3.92177925e+01]
 [  9.36411667e+01  -3.92886124e+01]
 [  9.41119461e+01  -3.86679688e+01]
 [  9.36667023e+01  -3.78028908e+01]
 [  9.38270874e+01  -3.70599174e+01]
 [  9.38327866e+01  -3.56464653e+01]
 [  9.31485596e+01  -3.37274361e+01]
 [  9.25757751e+01  -3.20818291e+01]
 [  9.21488571e+01  -3.08770237e+01]
 [  9.15497055e+01  -2.88454971e+01]
 [  9.08932877e+01  -2.73128967e+01]
 [  8.98802795e+01  -2.50458603e+01]
 [  8.81813965e+01  -2.25758476e+01]
 [  8.61814423e+01  -2.02389488e+01]
 [  8.46540070e+01  -1.88502388e+01]
 [  8.21286163e+01  -1.68254681e+01]
 [  8.00799332e+01  -1.53251057e+01]
 [  7.74975128e+01  -1.30409870e+01]
 [  7.52388077e+01  -1.07753057e+01]
 [  7.28638458e+01  -8.34950542e+00]
 [  7.08622208e+01  -6.71737957e+00]
 [  6.85615158e+01  -4.16870594e+00]
 [  6.69494629e+01  -2.35554338e+00]
 [  6.43587646e+01  -3.03789288e-01]
 [  6.08024788e+01   2.71670055e+00]
 [  5.67168884e+01   5.39786720e+00]
 [  5.34380302e+01   7.59807682e+00]
 [  4.99377747e+01   9.52578545e+00]
 [  4.70694122e+01   1.08369951e+01]
 [  4.42905350e+01   1.12349749e+01]
 [  3.92305183e+01   1.27067575e+01]
 [  3.47145538e+01   1.44049225e+01]
 [  3.08809757e+01   1.50314865e+01]
 [  2.72022171e+01   1.56795902e+01]
 [  2.51184406e+01   1.55674877e+01]
 [  2.29340134e+01   1.45879211e+01]
 [  2.08053513e+01   1.48952370e+01]
 [  1.93899078e+01   1.45094843e+01]
 [  1.85532684e+01   1.40554276e+01]
 [  1.67349892e+01   1.40976429e+01]
 [  1.59182253e+01   1.35586433e+01]
 [  1.57103987e+01   1.27768698e+01]
 [  1.34187069e+01   1.21089268e+01]
 [  1.08341961e+01   1.16995468e+01]
 [  9.64510727e+00   1.05630198e+01]
 [  8.95802593e+00   1.03639879e+01]
 [  1.13962450e+01   9.33736610e+00]
 [  1.25797653e+01   8.45251656e+00]
 [  1.63609104e+01   4.73174763e+00]
 [  1.78569622e+01   3.89779496e+00]
 [  1.88113804e+01   2.76375318e+00]
 [  1.86204662e+01   2.75828147e+00]
 [  1.87154388e+01   2.35357738e+00]
 [  1.90075531e+01   1.51263273e+00]
 [  2.17594719e+01  -6.48103416e-01]
 [  2.15684547e+01  -5.95473468e-01]
 [  2.20469666e+01  -5.12109518e-01]
 [  2.23539791e+01  -2.44464368e-01]
 [  2.35095558e+01  -7.41820112e-02]
 [  2.40754566e+01   6.46383092e-02]
 [  2.39520245e+01   1.31795883e-01]
 [  2.38321285e+01   1.17546313e-01]
 [  2.29957581e+01   2.98725635e-01]
 [  2.24938259e+01   2.26898044e-01]
 [  2.19849930e+01   4.67432112e-01]
 [  2.13588238e+01   1.04651320e+00]
 [  2.35970402e+01  -1.13723946e+00]
 [  2.22876015e+01  -1.97228444e+00]
 [  2.04989796e+01  -2.37119412e+00]
 [  1.72721386e+01  -1.84519684e+00]
 [  1.54641571e+01  -1.14111173e+00]
 [  1.44513931e+01  -1.20643091e+00]
 [  1.19722328e+01  -1.07262246e-01]
 [  1.11740932e+01   6.38353154e-02]]
[[ 72. -44.]
 [ 75. -44.]
 [ 76. -43.]
 [ 79. -44.]
 [ 82. -44.]
 [ 83. -42.]
 [ 85. -43.]
 [ 88. -43.]
 [ 88. -42.]]
Forward #: 2
[[[[  0.   0.   0. ...,   0.   0.  69.]
   [  0.   0.   0. ...,   0.   0. -43.]]]


 [[[  0.   0.   0. ...,   0.   0.  72.]
   [  0.   0.   0. ...,   0.   0. -44.]]]


 [[[  0.   0.   0. ...,   0.   0.  75.]
   [  0.   0.   0. ...,   0.   0. -44.]]]


 ..., 
 [[[  0.   0.   0. ...,   0.   0.  14.]
   [  0.   0.   0. ...,   0.   0.  -1.]]]


 [[[  0.   0.   0. ...,   0.   0.  12.]
   [  0.   0.   0. ...,   0.   0.  -0.]]]


 [[[  0.   0.   0. ...,   0.   0.  11.]
   [  0.   0.   0. ...,   0.   0.   0.]]]]
[[  6.91724014e+01  -4.27082367e+01]
 [  7.18178024e+01  -4.36166267e+01]
 [  7.48061600e+01  -4.40101891e+01]
 [  7.60725021e+01  -4.30380936e+01]
 [  7.90976181e+01  -4.36720581e+01]
 [  8.21258316e+01  -4.35433540e+01]
 [  8.28504868e+01  -4.24008865e+01]
 [  8.54265366e+01  -4.30893135e+01]
 [  8.80329666e+01  -4.34256668e+01]
 [  8.81663742e+01  -4.19790039e+01]
 [  8.96250839e+01  -4.23911171e+01]
 [  9.11129150e+01  -4.26911125e+01]
 [  9.07189560e+01  -4.16719589e+01]
 [  9.05944977e+01  -4.22484055e+01]
 [  8.88585815e+01  -4.19487915e+01]
 [  8.64617004e+01  -4.14146576e+01]
 [  8.52471542e+01  -4.05098152e+01]
 [  8.58093109e+01  -4.04163628e+01]
 [  8.42610626e+01  -3.89777412e+01]
 [  8.27078705e+01  -3.78956566e+01]
 [  8.14307938e+01  -3.73023148e+01]
 [  8.01238327e+01  -3.48527603e+01]
 [  7.99493561e+01  -3.29797440e+01]
 [  7.97472916e+01  -3.17029915e+01]
 [  7.85032501e+01  -2.92229862e+01]
 [  7.81937256e+01  -2.73798027e+01]
 [  7.70476913e+01  -2.47237930e+01]
 [  7.59836273e+01  -2.22701855e+01]
 [  7.48992233e+01  -2.01789532e+01]
 [  7.40873566e+01  -1.84654312e+01]
 [  7.24135895e+01  -1.57712898e+01]
 [  7.11183624e+01  -1.37013130e+01]
 [  6.90967484e+01  -1.13807383e+01]
 [  6.75945969e+01  -8.49546146e+00]
 [  6.73722305e+01  -5.98301363e+00]
 [  6.61181107e+01  -2.29266405e+00]
 [  6.46174011e+01   1.13742054e+00]
 [  6.52293930e+01   2.86900997e+00]
 [  6.40338745e+01   4.95533228e+00]
 [  6.15589333e+01   6.78853989e+00]
 [  5.91963768e+01   9.17999077e+00]
 [  5.78189926e+01   1.11696606e+01]
 [  5.52162132e+01   1.45053072e+01]
 [  5.55394135e+01   1.56524715e+01]
 [  5.34573555e+01   1.77290497e+01]
 [  4.96922112e+01   1.99904366e+01]
 [  4.69893951e+01   2.17893372e+01]
 [  4.42716560e+01   2.28988285e+01]
 [  4.07909813e+01   2.40409775e+01]
 [  4.02523689e+01   2.29475918e+01]
 [  3.87092094e+01   2.23375530e+01]
 [  3.60523949e+01   2.17691841e+01]
 [  3.37861748e+01   2.11947460e+01]
 [  3.14642048e+01   2.06238422e+01]
 [  2.82506027e+01   1.96211872e+01]
 [  2.65336094e+01   1.78517818e+01]
 [  2.39806252e+01   1.63777466e+01]
 [  2.05219574e+01   1.54598637e+01]
 [  1.85626984e+01   1.44655600e+01]
 [  1.72325878e+01   1.33849525e+01]
 [  1.50223360e+01   1.24686356e+01]
 [  1.33567133e+01   1.14755049e+01]
 [  1.15995178e+01   1.09575081e+01]
 [  1.01018200e+01   1.01757898e+01]
 [  9.79570198e+00   8.95392895e+00]
 [  9.39396381e+00   7.77121878e+00]
 [  9.85546684e+00   5.52072239e+00]
 [  1.11660366e+01   3.99606943e+00]
 [  1.31064091e+01   1.95505154e+00]
 [  1.42808027e+01   2.70911396e-01]
 [  1.56475821e+01  -1.07328999e+00]
 [  1.69759216e+01  -2.33421874e+00]
 [  1.44312420e+01  -5.46488881e-01]
 [  1.50184975e+01  -4.07475859e-01]
 [  1.68054142e+01  -6.18256986e-01]
 [  1.88419209e+01  -1.58959985e+00]
 [  7.97948074e+01  -3.58312187e+01]
 [  8.16633987e+01  -3.62430878e+01]
 [  8.28723450e+01  -3.66598167e+01]
 [  8.54462662e+01  -3.77318726e+01]
 [  8.70264969e+01  -3.81985626e+01]
 [  8.74934464e+01  -3.79917526e+01]
 [  8.90097504e+01  -3.86599045e+01]
 [  9.06009140e+01  -3.92015266e+01]
 [  9.08438568e+01  -3.87575111e+01]
 [  9.19531174e+01  -3.94384232e+01]
 [  9.34811554e+01  -4.01265068e+01]
 [  9.28981400e+01  -3.92044296e+01]
 [  9.28260117e+01  -3.93569870e+01]
 [  9.38897858e+01  -3.97885628e+01]
 [  9.35638504e+01  -3.92177925e+01]
 [  9.36411667e+01  -3.92886124e+01]
 [  9.41119461e+01  -3.86679688e+01]
 [  9.36667023e+01  -3.78028908e+01]
 [  9.38270874e+01  -3.70599174e+01]
 [  9.38327866e+01  -3.56464653e+01]
 [  9.31485596e+01  -3.37274361e+01]
 [  9.25757751e+01  -3.20818291e+01]
 [  9.21488571e+01  -3.08770237e+01]
 [  9.15497055e+01  -2.88454971e+01]
 [  9.08932877e+01  -2.73128967e+01]
 [  8.98802795e+01  -2.50458603e+01]
 [  8.81813965e+01  -2.25758476e+01]
 [  8.61814423e+01  -2.02389488e+01]
 [  8.46540070e+01  -1.88502388e+01]
 [  8.21286163e+01  -1.68254681e+01]
 [  8.00799332e+01  -1.53251057e+01]
 [  7.74975128e+01  -1.30409870e+01]
 [  7.52388077e+01  -1.07753057e+01]
 [  7.28638458e+01  -8.34950542e+00]
 [  7.08622208e+01  -6.71737957e+00]
 [  6.85615158e+01  -4.16870594e+00]
 [  6.69494629e+01  -2.35554338e+00]
 [  6.43587646e+01  -3.03789288e-01]
 [  6.08024788e+01   2.71670055e+00]
 [  5.67168884e+01   5.39786720e+00]
 [  5.34380302e+01   7.59807682e+00]
 [  4.99377747e+01   9.52578545e+00]
 [  4.70694122e+01   1.08369951e+01]
 [  4.42905350e+01   1.12349749e+01]
 [  3.92305183e+01   1.27067575e+01]
 [  3.47145538e+01   1.44049225e+01]
 [  3.08809757e+01   1.50314865e+01]
 [  2.72022171e+01   1.56795902e+01]
 [  2.51184406e+01   1.55674877e+01]
 [  2.29340134e+01   1.45879211e+01]
 [  2.08053513e+01   1.48952370e+01]
 [  1.93899078e+01   1.45094843e+01]
 [  1.85532684e+01   1.40554276e+01]
 [  1.67349892e+01   1.40976429e+01]
 [  1.59182253e+01   1.35586433e+01]
 [  1.57103987e+01   1.27768698e+01]
 [  1.34187069e+01   1.21089268e+01]
 [  1.08341961e+01   1.16995468e+01]
 [  9.64510727e+00   1.05630198e+01]
 [  8.95802593e+00   1.03639879e+01]
 [  1.13962450e+01   9.33736610e+00]
 [  1.25797653e+01   8.45251656e+00]
 [  1.63609104e+01   4.73174763e+00]
 [  1.78569622e+01   3.89779496e+00]
 [  1.88113804e+01   2.76375318e+00]
 [  1.86204662e+01   2.75828147e+00]
 [  1.87154388e+01   2.35357738e+00]
 [  1.90075531e+01   1.51263273e+00]
 [  2.17594719e+01  -6.48103416e-01]
 [  2.15684547e+01  -5.95473468e-01]
 [  2.20469666e+01  -5.12109518e-01]
 [  2.23539791e+01  -2.44464368e-01]
 [  2.35095558e+01  -7.41820112e-02]
 [  2.40754566e+01   6.46383092e-02]
 [  2.39520245e+01   1.31795883e-01]
 [  2.38321285e+01   1.17546313e-01]
 [  2.29957581e+01   2.98725635e-01]
 [  2.24938259e+01   2.26898044e-01]
 [  2.19849930e+01   4.67432112e-01]
 [  2.13588238e+01   1.04651320e+00]
 [  2.35970402e+01  -1.13723946e+00]
 [  2.22876015e+01  -1.97228444e+00]
 [  2.04989796e+01  -2.37119412e+00]
 [  1.72721386e+01  -1.84519684e+00]
 [  1.54641571e+01  -1.14111173e+00]
 [  1.44513931e+01  -1.20643091e+00]
 [  1.19722328e+01  -1.07262246e-01]
 [  1.11740932e+01   6.38353154e-02]]
[[ 72. -44.]
 [ 75. -44.]
 [ 76. -43.]
 [ 79. -44.]
 [ 82. -44.]
 [ 83. -42.]
 [ 85. -43.]
 [ 88. -43.]
 [ 88. -42.]]
Forward #: 3
[[[[  0.   0.   0. ...,   0.   0.  69.]
   [  0.   0.   0. ...,   0.   0. -43.]]]


 [[[  0.   0.   0. ...,   0.   0.  72.]
   [  0.   0.   0. ...,   0.   0. -44.]]]


 [[[  0.   0.   0. ...,   0.   0.  75.]
   [  0.   0.   0. ...,   0.   0. -44.]]]


 ..., 
 [[[  0.   0.   0. ...,   0.   0.  14.]
   [  0.   0.   0. ...,   0.   0.  -1.]]]


 [[[  0.   0.   0. ...,   0.   0.  12.]
   [  0.   0.   0. ...,   0.   0.  -0.]]]


 [[[  0.   0.   0. ...,   0.   0.  11.]
   [  0.   0.   0. ...,   0.   0.   0.]]]]
[[  6.91724014e+01  -4.27082367e+01]
 [  7.18178024e+01  -4.36166267e+01]
 [  7.48061600e+01  -4.40101891e+01]
 [  7.60725021e+01  -4.30380936e+01]
 [  7.90976181e+01  -4.36720581e+01]
 [  8.21258316e+01  -4.35433540e+01]
 [  8.28504868e+01  -4.24008865e+01]
 [  8.54265366e+01  -4.30893135e+01]
 [  8.80329666e+01  -4.34256668e+01]
 [  8.81663742e+01  -4.19790039e+01]
 [  8.96250839e+01  -4.23911171e+01]
 [  9.11129150e+01  -4.26911125e+01]
 [  9.07189560e+01  -4.16719589e+01]
 [  9.05944977e+01  -4.22484055e+01]
 [  8.88585815e+01  -4.19487915e+01]
 [  8.64617004e+01  -4.14146576e+01]
 [  8.52471542e+01  -4.05098152e+01]
 [  8.58093109e+01  -4.04163628e+01]
 [  8.42610626e+01  -3.89777412e+01]
 [  8.27078705e+01  -3.78956566e+01]
 [  8.14307938e+01  -3.73023148e+01]
 [  8.01238327e+01  -3.48527603e+01]
 [  7.99493561e+01  -3.29797440e+01]
 [  7.97472916e+01  -3.17029915e+01]
 [  7.85032501e+01  -2.92229862e+01]
 [  7.81937256e+01  -2.73798027e+01]
 [  7.70476913e+01  -2.47237930e+01]
 [  7.59836273e+01  -2.22701855e+01]
 [  7.48992233e+01  -2.01789532e+01]
 [  7.40873566e+01  -1.84654312e+01]
 [  7.24135895e+01  -1.57712898e+01]
 [  7.11183624e+01  -1.37013130e+01]
 [  6.90967484e+01  -1.13807383e+01]
 [  6.75945969e+01  -8.49546146e+00]
 [  6.73722305e+01  -5.98301363e+00]
 [  6.61181107e+01  -2.29266405e+00]
 [  6.46174011e+01   1.13742054e+00]
 [  6.52293930e+01   2.86900997e+00]
 [  6.40338745e+01   4.95533228e+00]
 [  6.15589333e+01   6.78853989e+00]
 [  5.91963768e+01   9.17999077e+00]
 [  5.78189926e+01   1.11696606e+01]
 [  5.52162132e+01   1.45053072e+01]
 [  5.55394135e+01   1.56524715e+01]
 [  5.34573555e+01   1.77290497e+01]
 [  4.96922112e+01   1.99904366e+01]
 [  4.69893951e+01   2.17893372e+01]
 [  4.42716560e+01   2.28988285e+01]
 [  4.07909813e+01   2.40409775e+01]
 [  4.02523689e+01   2.29475918e+01]
 [  3.87092094e+01   2.23375530e+01]
 [  3.60523949e+01   2.17691841e+01]
 [  3.37861748e+01   2.11947460e+01]
 [  3.14642048e+01   2.06238422e+01]
 [  2.82506027e+01   1.96211872e+01]
 [  2.65336094e+01   1.78517818e+01]
 [  2.39806252e+01   1.63777466e+01]
 [  2.05219574e+01   1.54598637e+01]
 [  1.85626984e+01   1.44655600e+01]
 [  1.72325878e+01   1.33849525e+01]
 [  1.50223360e+01   1.24686356e+01]
 [  1.33567133e+01   1.14755049e+01]
 [  1.15995178e+01   1.09575081e+01]
 [  1.01018200e+01   1.01757898e+01]
 [  9.79570198e+00   8.95392895e+00]
 [  9.39396381e+00   7.77121878e+00]
 [  9.85546684e+00   5.52072239e+00]
 [  1.11660366e+01   3.99606943e+00]
 [  1.31064091e+01   1.95505154e+00]
 [  1.42808027e+01   2.70911396e-01]
 [  1.56475821e+01  -1.07328999e+00]
 [  1.69759216e+01  -2.33421874e+00]
 [  1.44312420e+01  -5.46488881e-01]
 [  1.50184975e+01  -4.07475859e-01]
 [  1.68054142e+01  -6.18256986e-01]
 [  1.88419209e+01  -1.58959985e+00]
 [  7.97948074e+01  -3.58312187e+01]
 [  8.16633987e+01  -3.62430878e+01]
 [  8.28723450e+01  -3.66598167e+01]
 [  8.54462662e+01  -3.77318726e+01]
 [  8.70264969e+01  -3.81985626e+01]
 [  8.74934464e+01  -3.79917526e+01]
 [  8.90097504e+01  -3.86599045e+01]
 [  9.06009140e+01  -3.92015266e+01]
 [  9.08438568e+01  -3.87575111e+01]
 [  9.19531174e+01  -3.94384232e+01]
 [  9.34811554e+01  -4.01265068e+01]
 [  9.28981400e+01  -3.92044296e+01]
 [  9.28260117e+01  -3.93569870e+01]
 [  9.38897858e+01  -3.97885628e+01]
 [  9.35638504e+01  -3.92177925e+01]
 [  9.36411667e+01  -3.92886124e+01]
 [  9.41119461e+01  -3.86679688e+01]
 [  9.36667023e+01  -3.78028908e+01]
 [  9.38270874e+01  -3.70599174e+01]
 [  9.38327866e+01  -3.56464653e+01]
 [  9.31485596e+01  -3.37274361e+01]
 [  9.25757751e+01  -3.20818291e+01]
 [  9.21488571e+01  -3.08770237e+01]
 [  9.15497055e+01  -2.88454971e+01]
 [  9.08932877e+01  -2.73128967e+01]
 [  8.98802795e+01  -2.50458603e+01]
 [  8.81813965e+01  -2.25758476e+01]
 [  8.61814423e+01  -2.02389488e+01]
 [  8.46540070e+01  -1.88502388e+01]
 [  8.21286163e+01  -1.68254681e+01]
 [  8.00799332e+01  -1.53251057e+01]
 [  7.74975128e+01  -1.30409870e+01]
 [  7.52388077e+01  -1.07753057e+01]
 [  7.28638458e+01  -8.34950542e+00]
 [  7.08622208e+01  -6.71737957e+00]
 [  6.85615158e+01  -4.16870594e+00]
 [  6.69494629e+01  -2.35554338e+00]
 [  6.43587646e+01  -3.03789288e-01]
 [  6.08024788e+01   2.71670055e+00]
 [  5.67168884e+01   5.39786720e+00]
 [  5.34380302e+01   7.59807682e+00]
 [  4.99377747e+01   9.52578545e+00]
 [  4.70694122e+01   1.08369951e+01]
 [  4.42905350e+01   1.12349749e+01]
 [  3.92305183e+01   1.27067575e+01]
 [  3.47145538e+01   1.44049225e+01]
 [  3.08809757e+01   1.50314865e+01]
 [  2.72022171e+01   1.56795902e+01]
 [  2.51184406e+01   1.55674877e+01]
 [  2.29340134e+01   1.45879211e+01]
 [  2.08053513e+01   1.48952370e+01]
 [  1.93899078e+01   1.45094843e+01]
 [  1.85532684e+01   1.40554276e+01]
 [  1.67349892e+01   1.40976429e+01]
 [  1.59182253e+01   1.35586433e+01]
 [  1.57103987e+01   1.27768698e+01]
 [  1.34187069e+01   1.21089268e+01]
 [  1.08341961e+01   1.16995468e+01]
 [  9.64510727e+00   1.05630198e+01]
 [  8.95802593e+00   1.03639879e+01]
 [  1.13962450e+01   9.33736610e+00]
 [  1.25797653e+01   8.45251656e+00]
 [  1.63609104e+01   4.73174763e+00]
 [  1.78569622e+01   3.89779496e+00]
 [  1.88113804e+01   2.76375318e+00]
 [  1.86204662e+01   2.75828147e+00]
 [  1.87154388e+01   2.35357738e+00]
 [  1.90075531e+01   1.51263273e+00]
 [  2.17594719e+01  -6.48103416e-01]
 [  2.15684547e+01  -5.95473468e-01]
 [  2.20469666e+01  -5.12109518e-01]
 [  2.23539791e+01  -2.44464368e-01]
 [  2.35095558e+01  -7.41820112e-02]
 [  2.40754566e+01   6.46383092e-02]
 [  2.39520245e+01   1.31795883e-01]
 [  2.38321285e+01   1.17546313e-01]
 [  2.29957581e+01   2.98725635e-01]
 [  2.24938259e+01   2.26898044e-01]
 [  2.19849930e+01   4.67432112e-01]
 [  2.13588238e+01   1.04651320e+00]
 [  2.35970402e+01  -1.13723946e+00]
 [  2.22876015e+01  -1.97228444e+00]
 [  2.04989796e+01  -2.37119412e+00]
 [  1.72721386e+01  -1.84519684e+00]
 [  1.54641571e+01  -1.14111173e+00]
 [  1.44513931e+01  -1.20643091e+00]
 [  1.19722328e+01  -1.07262246e-01]
 [  1.11740932e+01   6.38353154e-02]]
[[ 72. -44.]
 [ 75. -44.]
 [ 76. -43.]
 [ 79. -44.]
 [ 82. -44.]
 [ 83. -42.]
 [ 85. -43.]
 [ 88. -43.]
 [ 88. -42.]]
Forward #: 4
[[[[  0.   0.   0. ...,   0.   0.  69.]
   [  0.   0.   0. ...,   0.   0. -43.]]]


 [[[  0.   0.   0. ...,   0.   0.  72.]
   [  0.   0.   0. ...,   0.   0. -44.]]]


 [[[  0.   0.   0. ...,   0.   0.  75.]
   [  0.   0.   0. ...,   0.   0. -44.]]]


 ..., 
 [[[  0.   0.   0. ...,   0.   0.  14.]
   [  0.   0.   0. ...,   0.   0.  -1.]]]


 [[[  0.   0.   0. ...,   0.   0.  12.]
   [  0.   0.   0. ...,   0.   0.  -0.]]]


 [[[  0.   0.   0. ...,   0.   0.  11.]
   [  0.   0.   0. ...,   0.   0.   0.]]]]
[[  6.91724014e+01  -4.27082367e+01]
 [  7.18178024e+01  -4.36166267e+01]
 [  7.48061600e+01  -4.40101891e+01]
 [  7.60725021e+01  -4.30380936e+01]
 [  7.90976181e+01  -4.36720581e+01]
 [  8.21258316e+01  -4.35433540e+01]
 [  8.28504868e+01  -4.24008865e+01]
 [  8.54265366e+01  -4.30893135e+01]
 [  8.80329666e+01  -4.34256668e+01]
 [  8.81663742e+01  -4.19790039e+01]
 [  8.96250839e+01  -4.23911171e+01]
 [  9.11129150e+01  -4.26911125e+01]
 [  9.07189560e+01  -4.16719589e+01]
 [  9.05944977e+01  -4.22484055e+01]
 [  8.88585815e+01  -4.19487915e+01]
 [  8.64617004e+01  -4.14146576e+01]
 [  8.52471542e+01  -4.05098152e+01]
 [  8.58093109e+01  -4.04163628e+01]
 [  8.42610626e+01  -3.89777412e+01]
 [  8.27078705e+01  -3.78956566e+01]
 [  8.14307938e+01  -3.73023148e+01]
 [  8.01238327e+01  -3.48527603e+01]
 [  7.99493561e+01  -3.29797440e+01]
 [  7.97472916e+01  -3.17029915e+01]
 [  7.85032501e+01  -2.92229862e+01]
 [  7.81937256e+01  -2.73798027e+01]
 [  7.70476913e+01  -2.47237930e+01]
 [  7.59836273e+01  -2.22701855e+01]
 [  7.48992233e+01  -2.01789532e+01]
 [  7.40873566e+01  -1.84654312e+01]
 [  7.24135895e+01  -1.57712898e+01]
 [  7.11183624e+01  -1.37013130e+01]
 [  6.90967484e+01  -1.13807383e+01]
 [  6.75945969e+01  -8.49546146e+00]
 [  6.73722305e+01  -5.98301363e+00]
 [  6.61181107e+01  -2.29266405e+00]
 [  6.46174011e+01   1.13742054e+00]
 [  6.52293930e+01   2.86900997e+00]
 [  6.40338745e+01   4.95533228e+00]
 [  6.15589333e+01   6.78853989e+00]
 [  5.91963768e+01   9.17999077e+00]
 [  5.78189926e+01   1.11696606e+01]
 [  5.52162132e+01   1.45053072e+01]
 [  5.55394135e+01   1.56524715e+01]
 [  5.34573555e+01   1.77290497e+01]
 [  4.96922112e+01   1.99904366e+01]
 [  4.69893951e+01   2.17893372e+01]
 [  4.42716560e+01   2.28988285e+01]
 [  4.07909813e+01   2.40409775e+01]
 [  4.02523689e+01   2.29475918e+01]
 [  3.87092094e+01   2.23375530e+01]
 [  3.60523949e+01   2.17691841e+01]
 [  3.37861748e+01   2.11947460e+01]
 [  3.14642048e+01   2.06238422e+01]
 [  2.82506027e+01   1.96211872e+01]
 [  2.65336094e+01   1.78517818e+01]
 [  2.39806252e+01   1.63777466e+01]
 [  2.05219574e+01   1.54598637e+01]
 [  1.85626984e+01   1.44655600e+01]
 [  1.72325878e+01   1.33849525e+01]
 [  1.50223360e+01   1.24686356e+01]
 [  1.33567133e+01   1.14755049e+01]
 [  1.15995178e+01   1.09575081e+01]
 [  1.01018200e+01   1.01757898e+01]
 [  9.79570198e+00   8.95392895e+00]
 [  9.39396381e+00   7.77121878e+00]
 [  9.85546684e+00   5.52072239e+00]
 [  1.11660366e+01   3.99606943e+00]
 [  1.31064091e+01   1.95505154e+00]
 [  1.42808027e+01   2.70911396e-01]
 [  1.56475821e+01  -1.07328999e+00]
 [  1.69759216e+01  -2.33421874e+00]
 [  1.44312420e+01  -5.46488881e-01]
 [  1.50184975e+01  -4.07475859e-01]
 [  1.68054142e+01  -6.18256986e-01]
 [  1.88419209e+01  -1.58959985e+00]
 [  7.97948074e+01  -3.58312187e+01]
 [  8.16633987e+01  -3.62430878e+01]
 [  8.28723450e+01  -3.66598167e+01]
 [  8.54462662e+01  -3.77318726e+01]
 [  8.70264969e+01  -3.81985626e+01]
 [  8.74934464e+01  -3.79917526e+01]
 [  8.90097504e+01  -3.86599045e+01]
 [  9.06009140e+01  -3.92015266e+01]
 [  9.08438568e+01  -3.87575111e+01]
 [  9.19531174e+01  -3.94384232e+01]
 [  9.34811554e+01  -4.01265068e+01]
 [  9.28981400e+01  -3.92044296e+01]
 [  9.28260117e+01  -3.93569870e+01]
 [  9.38897858e+01  -3.97885628e+01]
 [  9.35638504e+01  -3.92177925e+01]
 [  9.36411667e+01  -3.92886124e+01]
 [  9.41119461e+01  -3.86679688e+01]
 [  9.36667023e+01  -3.78028908e+01]
 [  9.38270874e+01  -3.70599174e+01]
 [  9.38327866e+01  -3.56464653e+01]
 [  9.31485596e+01  -3.37274361e+01]
 [  9.25757751e+01  -3.20818291e+01]
 [  9.21488571e+01  -3.08770237e+01]
 [  9.15497055e+01  -2.88454971e+01]
 [  9.08932877e+01  -2.73128967e+01]
 [  8.98802795e+01  -2.50458603e+01]
 [  8.81813965e+01  -2.25758476e+01]
 [  8.61814423e+01  -2.02389488e+01]
 [  8.46540070e+01  -1.88502388e+01]
 [  8.21286163e+01  -1.68254681e+01]
 [  8.00799332e+01  -1.53251057e+01]
 [  7.74975128e+01  -1.30409870e+01]
 [  7.52388077e+01  -1.07753057e+01]
 [  7.28638458e+01  -8.34950542e+00]
 [  7.08622208e+01  -6.71737957e+00]
 [  6.85615158e+01  -4.16870594e+00]
 [  6.69494629e+01  -2.35554338e+00]
 [  6.43587646e+01  -3.03789288e-01]
 [  6.08024788e+01   2.71670055e+00]
 [  5.67168884e+01   5.39786720e+00]
 [  5.34380302e+01   7.59807682e+00]
 [  4.99377747e+01   9.52578545e+00]
 [  4.70694122e+01   1.08369951e+01]
 [  4.42905350e+01   1.12349749e+01]
 [  3.92305183e+01   1.27067575e+01]
 [  3.47145538e+01   1.44049225e+01]
 [  3.08809757e+01   1.50314865e+01]
 [  2.72022171e+01   1.56795902e+01]
 [  2.51184406e+01   1.55674877e+01]
 [  2.29340134e+01   1.45879211e+01]
 [  2.08053513e+01   1.48952370e+01]
 [  1.93899078e+01   1.45094843e+01]
 [  1.85532684e+01   1.40554276e+01]
 [  1.67349892e+01   1.40976429e+01]
 [  1.59182253e+01   1.35586433e+01]
 [  1.57103987e+01   1.27768698e+01]
 [  1.34187069e+01   1.21089268e+01]
 [  1.08341961e+01   1.16995468e+01]
 [  9.64510727e+00   1.05630198e+01]
 [  8.95802593e+00   1.03639879e+01]
 [  1.13962450e+01   9.33736610e+00]
 [  1.25797653e+01   8.45251656e+00]
 [  1.63609104e+01   4.73174763e+00]
 [  1.78569622e+01   3.89779496e+00]
 [  1.88113804e+01   2.76375318e+00]
 [  1.86204662e+01   2.75828147e+00]
 [  1.87154388e+01   2.35357738e+00]
 [  1.90075531e+01   1.51263273e+00]
 [  2.17594719e+01  -6.48103416e-01]
 [  2.15684547e+01  -5.95473468e-01]
 [  2.20469666e+01  -5.12109518e-01]
 [  2.23539791e+01  -2.44464368e-01]
 [  2.35095558e+01  -7.41820112e-02]
 [  2.40754566e+01   6.46383092e-02]
 [  2.39520245e+01   1.31795883e-01]
 [  2.38321285e+01   1.17546313e-01]
 [  2.29957581e+01   2.98725635e-01]
 [  2.24938259e+01   2.26898044e-01]
 [  2.19849930e+01   4.67432112e-01]
 [  2.13588238e+01   1.04651320e+00]
 [  2.35970402e+01  -1.13723946e+00]
 [  2.22876015e+01  -1.97228444e+00]
 [  2.04989796e+01  -2.37119412e+00]
 [  1.72721386e+01  -1.84519684e+00]
 [  1.54641571e+01  -1.14111173e+00]
 [  1.44513931e+01  -1.20643091e+00]
 [  1.19722328e+01  -1.07262246e-01]
 [  1.11740932e+01   6.38353154e-02]]
[[ 72. -44.]
 [ 75. -44.]
 [ 76. -43.]
 [ 79. -44.]
 [ 82. -44.]
 [ 83. -42.]
 [ 85. -43.]
 [ 88. -43.]
 [ 88. -42.]]
**************************************
